#plotCorrelation --outFileCorMatrix
	'ss_50k_0h_R2_trim_mapped_sorted_q2_nodup.bam'	'ss_50k_0h_R3_trim_mapped_sorted_q2_nodup.bam'	'ss_50k_0h_R1_trim_mapped_sorted_q2_nodup.bam'	'ss_50k_24h_R3_trim_mapped_sorted_q2_nodup.bam'	'ss_50k_24h_R1_trim_mapped_sorted_q2_nodup.bam'	'ss_50k_24h_R2_trim_mapped_sorted_q2_nodup.bam'
'ss_50k_0h_R2_trim_mapped_sorted_q2_nodup.bam'	1.0000	0.3897	0.3764	0.3812	0.3981	0.3971
'ss_50k_0h_R3_trim_mapped_sorted_q2_nodup.bam'	0.3897	1.0000	0.3800	0.3679	0.3872	0.3902
'ss_50k_0h_R1_trim_mapped_sorted_q2_nodup.bam'	0.3764	0.3800	1.0000	0.3918	0.4040	0.4042
'ss_50k_24h_R3_trim_mapped_sorted_q2_nodup.bam'	0.3812	0.3679	0.3918	1.0000	0.4622	0.4508
'ss_50k_24h_R1_trim_mapped_sorted_q2_nodup.bam'	0.3981	0.3872	0.4040	0.4622	1.0000	0.4796
'ss_50k_24h_R2_trim_mapped_sorted_q2_nodup.bam'	0.3971	0.3902	0.4042	0.4508	0.4796	1.0000
